498333126873
239636639931
239643430109
327564614876
239592643772
239628125390
239645107445
495227124939
495226469605
495369870570
239634443488
239594686708
239645109492
239633411299
390652121296
239631222976
239631218931
239634444537
239632368842
239631217895
239592646886
239598008528
239598008521
239595736257
239594689784
239596566764
495227175119
239633409269
239634446526
239631219910
239638760679
239598007527
239637780716
239635591397
239633409236
239637778628
239636642016
239635591368
239643433152
239645108441
239633411314
239632367854
239628126425
239638757564
239635596530
239637774543
239637776595
239633409259
239635593433
495371308247
239631217910
239594690779
239637775579
239637779685
358953600209
145246850264
495224997074
239631219928
495674374330
495181814009
495227125993
495369869507
495182544068
495463287025
321055593690
495369869528
495226360028
